proj:       99
zone:       0
north:      151030
south:      150580
east:       597645
west:       597195
cols:       450
rows:       450
e-w resol:  1
n-s resol:  1
top:        1.000000000000000
bottom:     0.000000000000000
cols3:      450
rows3:      450
depths:     1
e-w resol3: 1
n-s resol3: 1
t-b resol:  1
