proj:       99
zone:       0
north:      150870
south:      150720
east:       597440
west:       597290
cols:       500
rows:       500
e-w resol:  0.3
n-s resol:  0.3
top:        1.000000000000000
bottom:     0.000000000000000
cols3:      1461
rows3:      1500
depths:     1
e-w resol3: 0.1026694
n-s resol3: 0.1
t-b resol:  1
