proj:       99
zone:       0
north:      170681.52818656
south:      141417.6336117
east:       618617.222032
west:       574552.8019263
cols:       4406
rows:       2926
e-w resol:  10.0010032
n-s resol:  10.00133102
top:        1.000000000000000
bottom:     0.000000000000000
cols3:      4406
rows3:      2926
depths:     1
e-w resol3: 10.0010032
n-s resol3: 10.00133102
t-b resol:  1
