proj:       99
zone:       0
north:      151030
south:      150580
east:       597645
west:       597195
cols:       1500
rows:       1500
e-w resol:  0.3
n-s resol:  0.3
top:        1.000000000000000
bottom:     0.000000000000000
cols3:      1500
rows3:      1500
depths:     1
e-w resol3: 0.3
n-s resol3: 0.3
t-b resol:  1
