proj:       99
zone:       0
north:      170681.52818656
south:      141417.6336117
east:       618617.222032
west:       574552.8019263
cols:       4896
rows:       3252
e-w resol:  9.00008581
n-s resol:  8.99873757
format:     -1
compressed: 2
