proj:       99
zone:       0
north:      170681.52818656
south:      141417.6336117
east:       618617.222032
west:       574552.8019263
cols:       4406
rows:       2926
e-w resol:  10.0010032
n-s resol:  10.00133102
format:     -1
compressed: 2
